image_width: 1280
image_height: 960
camera_name: "0800461000822014"
camera_matrix:
  rows: 3
  cols: 3
  data: [511.3064802, 0, 325.50555132, 0, 514.49865942, 244.39400876, 0, 0, 1]
distortion_model: plumb_bob
distortion_coefficients:
  rows: 1
  cols: 5
  data: [-0.10708988878907941, 0.2352904643293028, -0.003755397847907083, -0.005213154887635816, -0.29605370528494074]
rectification_matrix:
  rows: 3
  cols: 3
  data: [1, 0, 0, 0, 1, 0, 0, 0, 1]
projection_matrix:
  rows: 3
  cols: 4
  data: [2302.59, 0, 610.756, 0, 0, 2309.46, 506.539, 0, 0, 0, 1, 0]